Invertibility of log10 (smaller is better):
	stdlib: 2.36118133500395e-17
	fast:   1.17690380344157e-16
Timings for pow10:
	stdlib: 6.09984091700000e+01 (ns/point)
	fast:   3.08007461600000e+01 (ns/point)
	ratio:  1.98041985259490e+00
Timings for log10:
	stdlib: 2.87092895800000e+01 (ns/point)
	fast:   2.15788308200000e+01 (ns/point)
	ratio:  1.33043767845806e+00
