Invertibility of log10 (smaller is better):
	stdlib: 2.36114095504899e-17
	fast:   1.12864614065826e-16
Timings for pow10:
	stdlib: 1.02716156600000e+01 (ns/point)
	fast:   1.25205466200000e+01 (ns/point)
	ratio:  8.20380768647304e-01
Timings for log10:
	stdlib: 8.41493913000000e+00 (ns/point)
	fast:   7.14281433000000e+00 (ns/point)
	ratio:  1.17809853948703e+00
