Invertibility of log10 (smaller is better):
	stdlib: 2.36118133500395e-17
	fast:   1.12864614065826e-16
Timings for pow10:
	stdlib: 6.00731624900000e+01 (ns/point)
	fast:   2.63230669900000e+01 (ns/point)
	ratio:  2.28214905629429e+00
Timings for log10:
	stdlib: 2.87375881500000e+01 (ns/point)
	fast:   2.09049075300000e+01 (ns/point)
	ratio:  1.37468142869130e+00
