Invertibility of log10 (smaller is better):
	stdlib: 2.36114095504899e-17
	fast:   1.17690380344157e-16
Timings for pow10:
	stdlib: 1.03344747000000e+01 (ns/point)
	fast:   1.55710103800000e+01 (ns/point)
	ratio:  6.63699686005861e-01
Timings for log10:
	stdlib: 8.37181001000000e+00 (ns/point)
	fast:   7.62062230000000e+00 (ns/point)
	ratio:  1.09857301417497e+00
