Invertibility of log10 (smaller is better):
	stdlib: 2.36114095504899e-17
	fast:   1.12864614065826e-16
Timings for pow10:
	stdlib: 1.56094939900000e+01 (ns/point)
	fast:   1.89107633000000e+01 (ns/point)
	ratio:  8.25429081966247e-01
Timings for log10:
	stdlib: 1.20768491600000e+01 (ns/point)
	fast:   1.20592270700000e+01 (ns/point)
	ratio:  1.00146129514750e+00
