Invertibility of log10 (smaller is better):
	stdlib: 6.88466648331474e-17
	fast:   1.24703476876518e-15
Timings for pow10:
	stdlib: 3.94933658300000e+00 (ns/point)
	fast:   1.01556886100000e+00 (ns/point)
	ratio:  3.88879251290868e+00
Timings for log10:
	stdlib: 3.96902484100000e+00 (ns/point)
	fast:   1.02438497200000e+00 (ns/point)
	ratio:  3.87454418942803e+00
