Invertibility of log10 (smaller is better):
	stdlib: 2.36118133500395e-17
	fast:   1.27662076725679e-15
Timings for pow10:
	stdlib: 3.04118924700000e+01 (ns/point)
	fast:   9.88848071000000e+00 (ns/point)
	ratio:  3.07548685808176e+00
Timings for log10:
	stdlib: 1.73173254400000e+01 (ns/point)
	fast:   9.42274201000000e+00 (ns/point)
	ratio:  1.83782230497469e+00
