Invertibility of log10 (smaller is better):
	stdlib: 4.58608925659968e-17
	fast:   1.24336160519766e-16
Timings for pow10:
	stdlib: 2.17639978559052e-01 (ns/point)
	fast:   1.15689072103273e-01 (ns/point)
	ratio:  1.88124923644274e+00
Timings for log10:
	stdlib: 1.21157977727093e-01 (ns/point)
	fast:   1.15993938508153e-01 (ns/point)
	ratio:  1.04451990582747e+00
