Invertibility of log10 (smaller is better):
	stdlib: 6.88466648331474e-17
	fast:   1.49633609378040e-16
Timings for pow10:
	stdlib: 6.15357833300000e+00 (ns/point)
	fast:   2.72035313800000e+00 (ns/point)
	ratio:  2.26205129291563e+00
Timings for log10:
	stdlib: 6.62480760100000e+00 (ns/point)
	fast:   2.29008347400000e+00 (ns/point)
	ratio:  2.89282363556325e+00
