Invertibility of log10 (smaller is better):
	stdlib: 2.36118133500395e-17
	fast:   1.37581076389907e-16
Timings for pow10:
	stdlib: 3.05167273700000e+01 (ns/point)
	fast:   1.39893400000000e+01 (ns/point)
	ratio:  2.18142724174264e+00
Timings for log10:
	stdlib: 1.72115811700000e+01 (ns/point)
	fast:   1.16195142500000e+01 (ns/point)
	ratio:  1.48126512001136e+00
